TH	SFDR	SCNPV	IFDR	ICNPV
0.000	0.500	0.500	0.500	0.500
0.001	0.500	0.500	0.500	0.500
0.002	0.500	0.500	0.500	0.500
0.003	0.500	0.500	0.500	0.500
0.004	0.500	0.500	0.500	0.500
0.005	0.499	0.496	0.499	0.496
0.006	0.499	0.496	0.499	0.496
0.007	0.499	0.496	0.499	0.496
0.008	0.499	0.496	0.499	0.496
0.009	0.499	0.496	0.499	0.496
0.010	0.494	0.469	0.494	0.469
0.011	0.494	0.469	0.494	0.469
0.012	0.494	0.469	0.494	0.469
0.013	0.494	0.469	0.494	0.469
0.014	0.494	0.469	0.494	0.469
0.015	0.482	0.423	0.482	0.423
0.016	0.482	0.423	0.482	0.423
0.017	0.482	0.423	0.482	0.423
0.018	0.482	0.423	0.482	0.423
0.019	0.482	0.423	0.482	0.423
0.020	0.465	0.373	0.465	0.373
0.021	0.465	0.373	0.465	0.373
0.022	0.465	0.373	0.465	0.373
0.023	0.465	0.373	0.465	0.373
0.024	0.465	0.373	0.465	0.373
0.025	0.448	0.339	0.448	0.339
0.026	0.448	0.339	0.448	0.339
0.027	0.448	0.339	0.448	0.339
0.028	0.448	0.339	0.448	0.339
0.029	0.448	0.339	0.448	0.339
0.030	0.433	0.316	0.433	0.316
0.031	0.433	0.316	0.433	0.316
0.032	0.433	0.316	0.433	0.316
0.033	0.433	0.316	0.433	0.316
0.034	0.433	0.316	0.433	0.316
0.035	0.420	0.302	0.420	0.302
0.036	0.420	0.302	0.420	0.302
0.037	0.420	0.302	0.420	0.302
0.038	0.420	0.302	0.420	0.302
0.039	0.420	0.302	0.420	0.302
0.040	0.407	0.291	0.407	0.291
0.041	0.407	0.291	0.407	0.291
0.042	0.407	0.291	0.407	0.291
0.043	0.407	0.291	0.407	0.291
0.044	0.407	0.291	0.407	0.291
0.045	0.394	0.281	0.394	0.281
0.046	0.394	0.281	0.394	0.281
0.047	0.394	0.281	0.394	0.281
0.048	0.394	0.281	0.394	0.281
0.049	0.394	0.281	0.394	0.281
0.050	0.383	0.274	0.383	0.274
0.051	0.383	0.274	0.383	0.274
0.052	0.383	0.274	0.383	0.274
0.053	0.383	0.274	0.383	0.274
0.054	0.383	0.274	0.383	0.274
0.055	0.371	0.268	0.371	0.268
0.056	0.371	0.268	0.371	0.268
0.057	0.371	0.268	0.371	0.268
0.058	0.371	0.268	0.371	0.268
0.059	0.371	0.268	0.371	0.268
0.060	0.360	0.263	0.360	0.263
0.061	0.360	0.263	0.360	0.263
0.062	0.360	0.263	0.360	0.263
0.063	0.360	0.263	0.360	0.263
0.064	0.360	0.263	0.360	0.263
0.065	0.351	0.261	0.351	0.261
0.066	0.351	0.261	0.351	0.261
0.067	0.351	0.261	0.351	0.261
0.068	0.351	0.261	0.351	0.261
0.069	0.351	0.261	0.351	0.261
0.070	0.340	0.259	0.340	0.259
0.071	0.340	0.259	0.340	0.259
0.072	0.340	0.259	0.340	0.259
0.073	0.340	0.259	0.340	0.259
0.074	0.340	0.259	0.340	0.259
0.075	0.331	0.257	0.331	0.257
0.076	0.331	0.257	0.331	0.257
0.077	0.331	0.257	0.331	0.257
0.078	0.331	0.257	0.331	0.257
0.079	0.331	0.257	0.331	0.257
0.080	0.321	0.253	0.321	0.253
0.081	0.321	0.253	0.321	0.253
0.082	0.321	0.253	0.321	0.253
0.083	0.321	0.253	0.321	0.253
0.084	0.321	0.253	0.321	0.253
0.085	0.312	0.251	0.312	0.251
0.086	0.312	0.251	0.312	0.251
0.087	0.312	0.251	0.312	0.251
0.088	0.312	0.251	0.312	0.251
0.089	0.312	0.251	0.312	0.251
0.090	0.304	0.251	0.304	0.251
0.091	0.304	0.251	0.304	0.251
0.092	0.304	0.251	0.304	0.251
0.093	0.304	0.251	0.304	0.251
0.094	0.304	0.251	0.304	0.251
0.095	0.296	0.250	0.296	0.250
0.096	0.296	0.250	0.296	0.250
0.097	0.296	0.250	0.296	0.250
0.098	0.296	0.250	0.296	0.250
0.099	0.296	0.250	0.296	0.250
0.100	0.288	0.250	0.288	0.250
0.101	0.288	0.250	0.288	0.250
0.102	0.288	0.250	0.288	0.250
0.103	0.288	0.250	0.288	0.250
0.104	0.288	0.250	0.288	0.250
0.105	0.281	0.249	0.281	0.249
0.106	0.281	0.249	0.281	0.249
0.107	0.281	0.249	0.281	0.249
0.108	0.281	0.249	0.281	0.249
0.109	0.281	0.249	0.281	0.249
0.110	0.274	0.249	0.274	0.249
0.111	0.274	0.249	0.274	0.249
0.112	0.274	0.249	0.274	0.249
0.113	0.274	0.249	0.274	0.249
0.114	0.274	0.249	0.274	0.249
0.115	0.266	0.247	0.266	0.247
0.116	0.266	0.247	0.266	0.247
0.117	0.266	0.247	0.266	0.247
0.118	0.266	0.247	0.266	0.247
0.119	0.266	0.247	0.266	0.247
0.120	0.259	0.244	0.259	0.244
0.121	0.259	0.244	0.259	0.244
0.122	0.259	0.244	0.259	0.244
0.123	0.259	0.244	0.259	0.244
0.124	0.259	0.244	0.259	0.244
0.125	0.253	0.244	0.253	0.244
0.126	0.253	0.244	0.253	0.244
0.127	0.253	0.244	0.253	0.244
0.128	0.253	0.244	0.253	0.244
0.129	0.253	0.244	0.253	0.244
0.130	0.248	0.244	0.248	0.244
0.131	0.248	0.244	0.248	0.244
0.132	0.248	0.244	0.248	0.244
0.133	0.248	0.244	0.248	0.244
0.134	0.248	0.244	0.248	0.244
0.135	0.241	0.243	0.241	0.243
0.136	0.241	0.243	0.241	0.243
0.137	0.241	0.243	0.241	0.243
0.138	0.241	0.243	0.241	0.243
0.139	0.241	0.243	0.241	0.243
0.140	0.235	0.243	0.235	0.243
0.141	0.235	0.243	0.235	0.243
0.142	0.235	0.243	0.235	0.243
0.143	0.235	0.243	0.235	0.243
0.144	0.235	0.243	0.235	0.243
0.145	0.230	0.242	0.230	0.242
0.146	0.230	0.242	0.230	0.242
0.147	0.230	0.242	0.230	0.242
0.148	0.230	0.242	0.230	0.242
0.149	0.230	0.242	0.230	0.242
0.150	0.226	0.242	0.226	0.242
0.151	0.226	0.242	0.226	0.242
0.152	0.226	0.242	0.226	0.242
0.153	0.226	0.242	0.226	0.242
0.154	0.226	0.242	0.226	0.242
0.155	0.221	0.242	0.221	0.242
0.156	0.221	0.242	0.221	0.242
0.157	0.221	0.242	0.221	0.242
0.158	0.221	0.242	0.221	0.242
0.159	0.221	0.242	0.221	0.242
0.160	0.216	0.241	0.216	0.241
0.161	0.216	0.241	0.216	0.241
0.162	0.216	0.241	0.216	0.241
0.163	0.216	0.241	0.216	0.241
0.164	0.216	0.241	0.216	0.241
0.165	0.212	0.241	0.212	0.241
0.166	0.212	0.241	0.212	0.241
0.167	0.212	0.241	0.212	0.241
0.168	0.212	0.241	0.212	0.241
0.169	0.212	0.241	0.212	0.241
0.170	0.208	0.242	0.208	0.242
0.171	0.208	0.242	0.208	0.242
0.172	0.208	0.242	0.208	0.242
0.173	0.208	0.242	0.208	0.242
0.174	0.208	0.242	0.208	0.242
0.175	0.205	0.243	0.205	0.243
0.176	0.205	0.243	0.205	0.243
0.177	0.205	0.243	0.205	0.243
0.178	0.205	0.243	0.205	0.243
0.179	0.205	0.243	0.205	0.243
0.180	0.200	0.242	0.200	0.242
0.181	0.200	0.242	0.200	0.242
0.182	0.200	0.242	0.200	0.242
0.183	0.200	0.242	0.200	0.242
0.184	0.200	0.242	0.200	0.242
0.185	0.196	0.242	0.196	0.242
0.186	0.196	0.242	0.196	0.242
0.187	0.196	0.242	0.196	0.242
0.188	0.196	0.242	0.196	0.242
0.189	0.196	0.242	0.196	0.242
0.190	0.192	0.241	0.192	0.241
0.191	0.192	0.241	0.192	0.241
0.192	0.192	0.241	0.192	0.241
0.193	0.192	0.241	0.192	0.241
0.194	0.192	0.241	0.192	0.241
0.195	0.188	0.240	0.188	0.240
0.196	0.188	0.240	0.188	0.240
0.197	0.188	0.240	0.188	0.240
0.198	0.188	0.240	0.188	0.240
0.199	0.188	0.240	0.188	0.240
0.200	0.185	0.240	0.185	0.240
0.201	0.185	0.240	0.185	0.240
0.202	0.185	0.240	0.185	0.240
0.203	0.185	0.240	0.185	0.240
0.204	0.185	0.240	0.185	0.240
0.205	0.182	0.242	0.182	0.242
0.206	0.182	0.242	0.182	0.242
0.207	0.182	0.242	0.182	0.242
0.208	0.182	0.242	0.182	0.242
0.209	0.182	0.242	0.182	0.242
0.210	0.179	0.241	0.179	0.241
0.211	0.179	0.241	0.179	0.241
0.212	0.179	0.241	0.179	0.241
0.213	0.179	0.241	0.179	0.241
0.214	0.179	0.241	0.179	0.241
0.215	0.175	0.242	0.175	0.242
0.216	0.175	0.242	0.175	0.242
0.217	0.175	0.242	0.175	0.242
0.218	0.175	0.242	0.175	0.242
0.219	0.175	0.242	0.175	0.242
0.220	0.172	0.242	0.172	0.242
0.221	0.172	0.242	0.172	0.242
0.222	0.172	0.242	0.172	0.242
0.223	0.172	0.242	0.172	0.242
0.224	0.172	0.242	0.172	0.242
0.225	0.170	0.243	0.170	0.243
0.226	0.170	0.243	0.170	0.243
0.227	0.170	0.243	0.170	0.243
0.228	0.170	0.243	0.170	0.243
0.229	0.170	0.243	0.170	0.243
0.230	0.166	0.243	0.166	0.243
0.231	0.166	0.243	0.166	0.243
0.232	0.166	0.243	0.166	0.243
0.233	0.166	0.243	0.166	0.243
0.234	0.166	0.243	0.166	0.243
0.235	0.164	0.242	0.164	0.242
0.236	0.164	0.242	0.164	0.242
0.237	0.164	0.242	0.164	0.242
0.238	0.164	0.242	0.164	0.242
0.239	0.164	0.242	0.164	0.242
0.240	0.161	0.242	0.161	0.242
0.241	0.161	0.242	0.161	0.242
0.242	0.161	0.242	0.161	0.242
0.243	0.161	0.242	0.161	0.242
0.244	0.161	0.242	0.161	0.242
0.245	0.158	0.243	0.158	0.243
0.246	0.158	0.243	0.158	0.243
0.247	0.158	0.243	0.158	0.243
0.248	0.158	0.243	0.158	0.243
0.249	0.158	0.243	0.158	0.243
0.250	0.157	0.243	0.157	0.243
0.251	0.157	0.243	0.157	0.243
0.252	0.157	0.243	0.157	0.243
0.253	0.157	0.243	0.157	0.243
0.254	0.157	0.243	0.157	0.243
0.255	0.155	0.243	0.155	0.243
0.256	0.155	0.243	0.155	0.243
0.257	0.155	0.243	0.155	0.243
0.258	0.155	0.243	0.155	0.243
0.259	0.155	0.243	0.155	0.243
0.260	0.153	0.244	0.153	0.244
0.261	0.153	0.244	0.153	0.244
0.262	0.153	0.244	0.153	0.244
0.263	0.153	0.244	0.153	0.244
0.264	0.153	0.244	0.153	0.244
0.265	0.150	0.244	0.150	0.244
0.266	0.150	0.244	0.150	0.244
0.267	0.150	0.244	0.150	0.244
0.268	0.150	0.244	0.150	0.244
0.269	0.150	0.244	0.150	0.244
0.270	0.147	0.244	0.147	0.244
0.271	0.147	0.244	0.147	0.244
0.272	0.147	0.244	0.147	0.244
0.273	0.147	0.244	0.147	0.244
0.274	0.147	0.244	0.147	0.244
0.275	0.145	0.244	0.145	0.244
0.276	0.145	0.244	0.145	0.244
0.277	0.145	0.244	0.145	0.244
0.278	0.145	0.244	0.145	0.244
0.279	0.145	0.244	0.145	0.244
0.280	0.144	0.244	0.144	0.244
0.281	0.144	0.244	0.144	0.244
0.282	0.144	0.244	0.144	0.244
0.283	0.144	0.244	0.144	0.244
0.284	0.144	0.244	0.144	0.244
0.285	0.142	0.244	0.142	0.244
0.286	0.142	0.244	0.142	0.244
0.287	0.142	0.244	0.142	0.244
0.288	0.142	0.244	0.142	0.244
0.289	0.142	0.244	0.142	0.244
0.290	0.140	0.244	0.140	0.244
0.291	0.140	0.244	0.140	0.244
0.292	0.140	0.244	0.140	0.244
0.293	0.140	0.244	0.140	0.244
0.294	0.140	0.244	0.140	0.244
0.295	0.139	0.244	0.139	0.244
0.296	0.139	0.244	0.139	0.244
0.297	0.139	0.244	0.139	0.244
0.298	0.139	0.244	0.139	0.244
0.299	0.139	0.244	0.139	0.244
0.300	0.137	0.245	0.137	0.245
0.301	0.137	0.245	0.137	0.245
0.302	0.137	0.245	0.137	0.245
0.303	0.137	0.245	0.137	0.245
0.304	0.137	0.245	0.137	0.245
0.305	0.135	0.245	0.135	0.245
0.306	0.135	0.245	0.135	0.245
0.307	0.135	0.245	0.135	0.245
0.308	0.135	0.245	0.135	0.245
0.309	0.135	0.245	0.135	0.245
0.310	0.134	0.246	0.134	0.246
0.311	0.134	0.246	0.134	0.246
0.312	0.134	0.246	0.134	0.246
0.313	0.134	0.246	0.134	0.246
0.314	0.134	0.246	0.134	0.246
0.315	0.133	0.246	0.133	0.246
0.316	0.133	0.246	0.133	0.246
0.317	0.133	0.246	0.133	0.246
0.318	0.133	0.246	0.133	0.246
0.319	0.133	0.246	0.133	0.246
0.320	0.130	0.246	0.130	0.246
0.321	0.130	0.246	0.130	0.246
0.322	0.130	0.246	0.130	0.246
0.323	0.130	0.246	0.130	0.246
0.324	0.130	0.246	0.130	0.246
0.325	0.128	0.246	0.128	0.246
0.326	0.128	0.246	0.128	0.246
0.327	0.128	0.246	0.128	0.246
0.328	0.128	0.246	0.128	0.246
0.329	0.128	0.246	0.128	0.246
0.330	0.127	0.247	0.127	0.247
0.331	0.127	0.247	0.127	0.247
0.332	0.127	0.247	0.127	0.247
0.333	0.127	0.247	0.127	0.247
0.334	0.127	0.247	0.127	0.247
0.335	0.125	0.248	0.125	0.248
0.336	0.125	0.248	0.125	0.248
0.337	0.125	0.248	0.125	0.248
0.338	0.125	0.248	0.125	0.248
0.339	0.125	0.248	0.125	0.248
0.340	0.124	0.249	0.124	0.249
0.341	0.124	0.249	0.124	0.249
0.342	0.124	0.249	0.124	0.249
0.343	0.124	0.249	0.124	0.249
0.344	0.124	0.249	0.124	0.249
0.345	0.122	0.249	0.122	0.249
0.346	0.122	0.249	0.122	0.249
0.347	0.122	0.249	0.122	0.249
0.348	0.122	0.249	0.122	0.249
0.349	0.122	0.249	0.122	0.249
0.350	0.121	0.250	0.121	0.250
0.351	0.121	0.250	0.121	0.250
0.352	0.121	0.250	0.121	0.250
0.353	0.121	0.250	0.121	0.250
0.354	0.121	0.250	0.121	0.250
0.355	0.120	0.250	0.120	0.250
0.356	0.120	0.250	0.120	0.250
0.357	0.120	0.250	0.120	0.250
0.358	0.120	0.250	0.120	0.250
0.359	0.120	0.250	0.120	0.250
0.360	0.118	0.250	0.118	0.250
0.361	0.118	0.250	0.118	0.250
0.362	0.118	0.250	0.118	0.250
0.363	0.118	0.250	0.118	0.250
0.364	0.118	0.250	0.118	0.250
0.365	0.117	0.250	0.117	0.250
0.366	0.117	0.250	0.117	0.250
0.367	0.117	0.250	0.117	0.250
0.368	0.117	0.250	0.117	0.250
0.369	0.117	0.250	0.117	0.250
0.370	0.116	0.251	0.116	0.251
0.371	0.116	0.251	0.116	0.251
0.372	0.116	0.251	0.116	0.251
0.373	0.116	0.251	0.116	0.251
0.374	0.116	0.251	0.116	0.251
0.375	0.115	0.252	0.115	0.252
0.376	0.115	0.252	0.115	0.252
0.377	0.115	0.252	0.115	0.252
0.378	0.115	0.252	0.115	0.252
0.379	0.115	0.252	0.115	0.252
0.380	0.114	0.252	0.114	0.252
0.381	0.114	0.252	0.114	0.252
0.382	0.114	0.252	0.114	0.252
0.383	0.114	0.252	0.114	0.252
0.384	0.114	0.252	0.114	0.252
0.385	0.114	0.253	0.114	0.253
0.386	0.114	0.253	0.114	0.253
0.387	0.114	0.253	0.114	0.253
0.388	0.114	0.253	0.114	0.253
0.389	0.114	0.253	0.114	0.253
0.390	0.112	0.253	0.112	0.253
0.391	0.112	0.253	0.112	0.253
0.392	0.112	0.253	0.112	0.253
0.393	0.112	0.253	0.112	0.253
0.394	0.112	0.253	0.112	0.253
0.395	0.111	0.254	0.111	0.254
0.396	0.111	0.254	0.111	0.254
0.397	0.111	0.254	0.111	0.254
0.398	0.111	0.254	0.111	0.254
0.399	0.111	0.254	0.111	0.254
0.400	0.110	0.254	0.110	0.254
0.401	0.110	0.254	0.110	0.254
0.402	0.110	0.254	0.110	0.254
0.403	0.110	0.254	0.110	0.254
0.404	0.110	0.254	0.110	0.254
0.405	0.108	0.254	0.108	0.254
0.406	0.108	0.254	0.108	0.254
0.407	0.108	0.254	0.108	0.254
0.408	0.108	0.254	0.108	0.254
0.409	0.108	0.254	0.108	0.254
0.410	0.108	0.255	0.108	0.255
0.411	0.108	0.255	0.108	0.255
0.412	0.108	0.255	0.108	0.255
0.413	0.108	0.255	0.108	0.255
0.414	0.108	0.255	0.108	0.255
0.415	0.107	0.256	0.107	0.256
0.416	0.107	0.256	0.107	0.256
0.417	0.107	0.256	0.107	0.256
0.418	0.107	0.256	0.107	0.256
0.419	0.107	0.256	0.107	0.256
0.420	0.106	0.256	0.106	0.256
0.421	0.106	0.256	0.106	0.256
0.422	0.106	0.256	0.106	0.256
0.423	0.106	0.256	0.106	0.256
0.424	0.106	0.256	0.106	0.256
0.425	0.106	0.257	0.106	0.257
0.426	0.106	0.257	0.106	0.257
0.427	0.106	0.257	0.106	0.257
0.428	0.106	0.257	0.106	0.257
0.429	0.106	0.257	0.106	0.257
0.430	0.105	0.258	0.105	0.258
0.431	0.105	0.258	0.105	0.258
0.432	0.105	0.258	0.105	0.258
0.433	0.105	0.258	0.105	0.258
0.434	0.105	0.258	0.105	0.258
0.435	0.103	0.257	0.103	0.257
0.436	0.103	0.257	0.103	0.257
0.437	0.103	0.257	0.103	0.257
0.438	0.103	0.257	0.103	0.257
0.439	0.103	0.257	0.103	0.257
0.440	0.103	0.259	0.103	0.259
0.441	0.103	0.259	0.103	0.259
0.442	0.103	0.259	0.103	0.259
0.443	0.103	0.259	0.103	0.259
0.444	0.103	0.259	0.103	0.259
0.445	0.102	0.259	0.102	0.259
0.446	0.102	0.259	0.102	0.259
0.447	0.102	0.259	0.102	0.259
0.448	0.102	0.259	0.102	0.259
0.449	0.102	0.259	0.102	0.259
0.450	0.101	0.260	0.101	0.260
0.451	0.101	0.260	0.101	0.260
0.452	0.101	0.260	0.101	0.260
0.453	0.101	0.260	0.101	0.260
0.454	0.101	0.260	0.101	0.260
0.455	0.099	0.259	0.099	0.259
0.456	0.099	0.259	0.099	0.259
0.457	0.099	0.259	0.099	0.259
0.458	0.099	0.259	0.099	0.259
0.459	0.099	0.259	0.099	0.259
0.460	0.098	0.260	0.098	0.260
0.461	0.098	0.260	0.098	0.260
0.462	0.098	0.260	0.098	0.260
0.463	0.098	0.260	0.098	0.260
0.464	0.098	0.260	0.098	0.260
0.465	0.098	0.260	0.098	0.260
0.466	0.098	0.260	0.098	0.260
0.467	0.098	0.260	0.098	0.260
0.468	0.098	0.260	0.098	0.260
0.469	0.098	0.260	0.098	0.260
0.470	0.097	0.261	0.097	0.261
0.471	0.097	0.261	0.097	0.261
0.472	0.097	0.261	0.097	0.261
0.473	0.097	0.261	0.097	0.261
0.474	0.097	0.261	0.097	0.261
0.475	0.096	0.261	0.096	0.261
0.476	0.096	0.261	0.096	0.261
0.477	0.096	0.261	0.096	0.261
0.478	0.096	0.261	0.096	0.261
0.479	0.096	0.261	0.096	0.261
0.480	0.095	0.261	0.095	0.261
0.481	0.095	0.261	0.095	0.261
0.482	0.095	0.261	0.095	0.261
0.483	0.095	0.261	0.095	0.261
0.484	0.095	0.261	0.095	0.261
0.485	0.094	0.261	0.094	0.261
0.486	0.094	0.261	0.094	0.261
0.487	0.094	0.261	0.094	0.261
0.488	0.094	0.261	0.094	0.261
0.489	0.094	0.261	0.094	0.261
0.490	0.093	0.262	0.093	0.262
0.491	0.093	0.262	0.093	0.262
0.492	0.093	0.262	0.093	0.262
0.493	0.093	0.262	0.093	0.262
0.494	0.093	0.262	0.093	0.262
0.495	0.092	0.262	0.092	0.262
0.496	0.092	0.262	0.092	0.262
0.497	0.092	0.262	0.092	0.262
0.498	0.092	0.262	0.092	0.262
0.499	0.092	0.262	0.092	0.262
0.500	0.092	0.263	0.092	0.263
0.501	0.091	0.263	0.091	0.263
0.502	0.089	0.264	0.089	0.264
0.503	0.087	0.264	0.087	0.264
0.504	0.087	0.265	0.087	0.265
0.505	0.085	0.266	0.085	0.266
0.506	0.084	0.266	0.084	0.266
0.507	0.082	0.266	0.082	0.266
0.508	0.082	0.267	0.082	0.267
0.509	0.080	0.268	0.080	0.268
0.510	0.080	0.269	0.080	0.269
0.511	0.079	0.269	0.079	0.269
0.512	0.078	0.271	0.078	0.271
0.513	0.077	0.272	0.077	0.272
0.514	0.076	0.272	0.076	0.272
0.515	0.075	0.273	0.075	0.273
0.516	0.075	0.274	0.075	0.274
0.517	0.073	0.274	0.073	0.274
0.518	0.072	0.275	0.072	0.275
0.519	0.071	0.276	0.071	0.276
0.520	0.071	0.279	0.071	0.279
0.521	0.070	0.280	0.070	0.280
0.522	0.069	0.280	0.069	0.280
0.523	0.069	0.281	0.069	0.281
0.524	0.068	0.281	0.068	0.281
0.525	0.068	0.283	0.068	0.283
0.526	0.068	0.285	0.068	0.285
0.527	0.067	0.286	0.067	0.286
0.528	0.067	0.287	0.067	0.287
0.529	0.066	0.287	0.066	0.287
0.530	0.065	0.288	0.065	0.288
0.531	0.066	0.289	0.066	0.289
0.532	0.065	0.290	0.065	0.290
0.533	0.063	0.291	0.063	0.291
0.534	0.064	0.292	0.064	0.292
0.535	0.063	0.293	0.063	0.293
0.536	0.062	0.294	0.062	0.294
0.537	0.062	0.294	0.062	0.294
0.538	0.062	0.296	0.062	0.296
0.539	0.061	0.297	0.061	0.297
0.540	0.061	0.297	0.061	0.297
0.541	0.061	0.299	0.061	0.299
0.542	0.060	0.300	0.060	0.300
0.543	0.060	0.300	0.060	0.300
0.544	0.059	0.300	0.059	0.300
0.545	0.058	0.303	0.058	0.303
0.546	0.058	0.303	0.058	0.303
0.547	0.059	0.304	0.059	0.304
0.548	0.057	0.305	0.057	0.305
0.549	0.057	0.306	0.057	0.306
0.550	0.056	0.307	0.056	0.307
0.551	0.057	0.307	0.057	0.307
0.552	0.056	0.309	0.056	0.309
0.553	0.055	0.310	0.055	0.310
0.554	0.056	0.311	0.056	0.311
0.555	0.055	0.312	0.055	0.312
0.556	0.055	0.312	0.055	0.312
0.557	0.054	0.313	0.054	0.313
0.558	0.054	0.314	0.054	0.314
0.559	0.053	0.315	0.053	0.315
0.560	0.053	0.317	0.053	0.317
0.561	0.053	0.317	0.053	0.317
0.562	0.053	0.320	0.053	0.320
0.563	0.052	0.322	0.052	0.322
0.564	0.051	0.322	0.051	0.322
0.565	0.051	0.323	0.051	0.323
0.566	0.051	0.323	0.051	0.323
0.567	0.051	0.324	0.051	0.324
0.568	0.050	0.325	0.050	0.325
0.569	0.050	0.325	0.050	0.325
0.570	0.050	0.325	0.050	0.325
0.571	0.050	0.325	0.050	0.325
0.572	0.049	0.325	0.049	0.325
0.573	0.049	0.326	0.049	0.326
0.574	0.048	0.326	0.048	0.326
0.575	0.049	0.328	0.049	0.328
0.576	0.048	0.328	0.048	0.328
0.577	0.048	0.329	0.048	0.329
0.578	0.048	0.330	0.048	0.330
0.579	0.047	0.331	0.047	0.331
0.580	0.047	0.331	0.047	0.331
0.581	0.047	0.332	0.047	0.332
0.582	0.047	0.332	0.047	0.332
0.583	0.046	0.333	0.046	0.333
0.584	0.046	0.334	0.046	0.334
0.585	0.046	0.335	0.046	0.335
0.586	0.046	0.335	0.046	0.335
0.587	0.045	0.335	0.045	0.335
0.588	0.045	0.337	0.045	0.337
0.589	0.046	0.339	0.046	0.339
0.590	0.045	0.339	0.045	0.339
0.591	0.045	0.339	0.045	0.339
0.592	0.045	0.341	0.045	0.341
0.593	0.045	0.341	0.045	0.341
0.594	0.044	0.342	0.044	0.342
0.595	0.045	0.343	0.045	0.343
0.596	0.045	0.343	0.045	0.343
0.597	0.044	0.345	0.044	0.345
0.598	0.044	0.347	0.044	0.347
0.599	0.044	0.348	0.044	0.348
0.600	0.044	0.349	0.044	0.349
0.601	0.044	0.349	0.044	0.349
0.602	0.043	0.349	0.043	0.349
0.603	0.043	0.349	0.043	0.349
0.604	0.043	0.350	0.043	0.350
0.605	0.042	0.351	0.042	0.351
0.606	0.041	0.352	0.041	0.352
0.607	0.041	0.353	0.041	0.353
0.608	0.041	0.353	0.041	0.353
0.609	0.041	0.354	0.041	0.354
0.610	0.041	0.354	0.041	0.354
0.611	0.040	0.355	0.040	0.355
0.612	0.041	0.356	0.041	0.356
0.613	0.041	0.356	0.041	0.356
0.614	0.040	0.357	0.040	0.357
0.615	0.040	0.358	0.040	0.358
0.616	0.040	0.358	0.040	0.358
0.617	0.039	0.358	0.039	0.358
0.618	0.039	0.359	0.039	0.359
0.619	0.039	0.359	0.039	0.359
0.620	0.039	0.359	0.039	0.359
0.621	0.039	0.360	0.039	0.360
0.622	0.039	0.360	0.039	0.360
0.623	0.039	0.360	0.039	0.360
0.624	0.038	0.362	0.038	0.362
0.625	0.039	0.363	0.039	0.363
0.626	0.039	0.363	0.039	0.363
0.627	0.039	0.363	0.039	0.363
0.628	0.039	0.365	0.039	0.365
0.629	0.038	0.365	0.038	0.365
0.630	0.038	0.366	0.038	0.366
0.631	0.038	0.367	0.038	0.367
0.632	0.038	0.367	0.038	0.367
0.633	0.037	0.368	0.037	0.368
0.634	0.037	0.369	0.037	0.369
0.635	0.037	0.369	0.037	0.369
0.636	0.037	0.369	0.037	0.369
0.637	0.037	0.370	0.037	0.370
0.638	0.037	0.370	0.037	0.370
0.639	0.037	0.371	0.037	0.371
0.640	0.037	0.372	0.037	0.372
0.641	0.037	0.373	0.037	0.373
0.642	0.038	0.375	0.038	0.375
0.643	0.038	0.376	0.038	0.376
0.644	0.037	0.377	0.037	0.377
0.645	0.037	0.377	0.037	0.377
0.646	0.037	0.377	0.037	0.377
0.647	0.037	0.378	0.037	0.378
0.648	0.037	0.378	0.037	0.378
0.649	0.037	0.379	0.037	0.379
0.650	0.036	0.380	0.036	0.380
0.651	0.036	0.381	0.036	0.381
0.652	0.036	0.381	0.036	0.381
0.653	0.037	0.383	0.037	0.383
0.654	0.035	0.383	0.035	0.383
0.655	0.036	0.384	0.036	0.384
0.656	0.036	0.384	0.036	0.384
0.657	0.036	0.384	0.036	0.384
0.658	0.036	0.385	0.036	0.385
0.659	0.036	0.385	0.036	0.385
0.660	0.036	0.386	0.036	0.386
0.661	0.036	0.386	0.036	0.386
0.662	0.036	0.387	0.036	0.387
0.663	0.035	0.387	0.035	0.387
0.664	0.036	0.389	0.036	0.389
0.665	0.036	0.389	0.036	0.389
0.666	0.036	0.390	0.036	0.390
0.667	0.036	0.391	0.036	0.391
0.668	0.035	0.392	0.035	0.392
0.669	0.035	0.393	0.035	0.393
0.670	0.035	0.393	0.035	0.393
0.671	0.035	0.393	0.035	0.393
0.672	0.036	0.395	0.036	0.395
0.673	0.034	0.395	0.034	0.395
0.674	0.034	0.396	0.034	0.396
0.675	0.034	0.396	0.034	0.396
0.676	0.034	0.397	0.034	0.397
0.677	0.034	0.397	0.034	0.397
0.678	0.034	0.397	0.034	0.397
0.679	0.034	0.398	0.034	0.398
0.680	0.033	0.398	0.033	0.398
0.681	0.034	0.398	0.034	0.398
0.682	0.034	0.399	0.034	0.399
0.683	0.034	0.400	0.034	0.400
0.684	0.034	0.400	0.034	0.400
0.685	0.034	0.401	0.034	0.401
0.686	0.034	0.401	0.034	0.401
0.687	0.033	0.401	0.033	0.401
0.688	0.033	0.402	0.033	0.402
0.689	0.033	0.402	0.033	0.402
0.690	0.033	0.403	0.033	0.403
0.691	0.033	0.403	0.033	0.403
0.692	0.034	0.404	0.034	0.404
0.693	0.034	0.405	0.034	0.405
0.694	0.034	0.406	0.034	0.406
0.695	0.034	0.406	0.034	0.406
0.696	0.033	0.406	0.033	0.406
0.697	0.033	0.407	0.033	0.407
0.698	0.033	0.407	0.033	0.407
0.699	0.033	0.409	0.033	0.409
0.700	0.032	0.409	0.032	0.409
0.701	0.032	0.409	0.032	0.409
0.702	0.032	0.410	0.032	0.410
0.703	0.032	0.411	0.032	0.411
0.704	0.032	0.411	0.032	0.411
0.705	0.032	0.412	0.032	0.412
0.706	0.033	0.412	0.033	0.412
0.707	0.033	0.413	0.033	0.413
0.708	0.033	0.413	0.033	0.413
0.709	0.033	0.414	0.033	0.414
0.710	0.033	0.415	0.033	0.415
0.711	0.032	0.415	0.032	0.415
0.712	0.032	0.415	0.032	0.415
0.713	0.032	0.415	0.032	0.415
0.714	0.032	0.416	0.032	0.416
0.715	0.032	0.417	0.032	0.417
0.716	0.032	0.417	0.032	0.417
0.717	0.031	0.417	0.031	0.417
0.718	0.031	0.418	0.031	0.418
0.719	0.031	0.418	0.031	0.418
0.720	0.031	0.419	0.031	0.419
0.721	0.031	0.419	0.031	0.419
0.722	0.031	0.419	0.031	0.419
0.723	0.031	0.420	0.031	0.420
0.724	0.031	0.420	0.031	0.420
0.725	0.032	0.422	0.032	0.422
0.726	0.031	0.422	0.031	0.422
0.727	0.030	0.422	0.030	0.422
0.728	0.030	0.422	0.030	0.422
0.729	0.030	0.422	0.030	0.422
0.730	0.030	0.423	0.030	0.423
0.731	0.031	0.424	0.031	0.424
0.732	0.031	0.424	0.031	0.424
0.733	0.031	0.425	0.031	0.425
0.734	0.031	0.425	0.031	0.425
0.735	0.031	0.426	0.031	0.426
0.736	0.032	0.427	0.032	0.427
0.737	0.032	0.428	0.032	0.428
0.738	0.032	0.428	0.032	0.428
0.739	0.032	0.429	0.032	0.429
0.740	0.033	0.429	0.033	0.429
0.741	0.031	0.429	0.031	0.429
0.742	0.031	0.429	0.031	0.429
0.743	0.031	0.430	0.031	0.430
0.744	0.031	0.430	0.031	0.430
0.745	0.031	0.431	0.031	0.431
0.746	0.031	0.431	0.031	0.431
0.747	0.031	0.431	0.031	0.431
0.748	0.032	0.432	0.032	0.432
0.749	0.032	0.433	0.032	0.433
0.750	0.032	0.433	0.032	0.433
0.751	0.031	0.434	0.031	0.434
0.752	0.030	0.435	0.030	0.435
0.753	0.031	0.435	0.031	0.435
0.754	0.031	0.436	0.031	0.436
0.755	0.031	0.436	0.031	0.436
0.756	0.031	0.436	0.031	0.436
0.757	0.031	0.437	0.031	0.437
0.758	0.032	0.437	0.032	0.437
0.759	0.032	0.438	0.032	0.438
0.760	0.031	0.438	0.031	0.438
0.761	0.031	0.438	0.031	0.438
0.762	0.030	0.438	0.030	0.438
0.763	0.030	0.439	0.030	0.439
0.764	0.030	0.439	0.030	0.439
0.765	0.030	0.439	0.030	0.439
0.766	0.030	0.440	0.030	0.440
0.767	0.030	0.440	0.030	0.440
0.768	0.029	0.441	0.029	0.441
0.769	0.028	0.440	0.028	0.440
0.770	0.028	0.441	0.028	0.441
0.771	0.028	0.441	0.028	0.441
0.772	0.028	0.441	0.028	0.441
0.773	0.029	0.442	0.029	0.442
0.774	0.029	0.442	0.029	0.442
0.775	0.029	0.443	0.029	0.443
0.776	0.029	0.443	0.029	0.443
0.777	0.029	0.443	0.029	0.443
0.778	0.028	0.443	0.028	0.443
0.779	0.028	0.444	0.028	0.444
0.780	0.027	0.444	0.027	0.444
0.781	0.027	0.444	0.027	0.444
0.782	0.027	0.445	0.027	0.445
0.783	0.027	0.445	0.027	0.445
0.784	0.027	0.445	0.027	0.445
0.785	0.028	0.446	0.028	0.446
0.786	0.028	0.446	0.028	0.446
0.787	0.028	0.447	0.028	0.447
0.788	0.028	0.447	0.028	0.447
0.789	0.029	0.448	0.029	0.448
0.790	0.029	0.448	0.029	0.448
0.791	0.029	0.449	0.029	0.449
0.792	0.028	0.449	0.028	0.449
0.793	0.027	0.449	0.027	0.449
0.794	0.027	0.450	0.027	0.450
0.795	0.027	0.450	0.027	0.450
0.796	0.027	0.450	0.027	0.450
0.797	0.027	0.451	0.027	0.451
0.798	0.028	0.452	0.028	0.452
0.799	0.028	0.452	0.028	0.452
0.800	0.028	0.453	0.028	0.453
0.801	0.029	0.454	0.029	0.454
0.802	0.029	0.454	0.029	0.454
0.803	0.029	0.454	0.029	0.454
0.804	0.029	0.454	0.029	0.454
0.805	0.030	0.455	0.030	0.455
0.806	0.030	0.455	0.030	0.455
0.807	0.028	0.455	0.028	0.455
0.808	0.028	0.456	0.028	0.456
0.809	0.028	0.456	0.028	0.456
0.810	0.027	0.456	0.027	0.456
0.811	0.027	0.456	0.027	0.456
0.812	0.027	0.457	0.027	0.457
0.813	0.027	0.457	0.027	0.457
0.814	0.028	0.457	0.028	0.457
0.815	0.028	0.458	0.028	0.458
0.816	0.028	0.458	0.028	0.458
0.817	0.028	0.458	0.028	0.458
0.818	0.028	0.459	0.028	0.459
0.819	0.029	0.459	0.029	0.459
0.820	0.029	0.459	0.029	0.459
0.821	0.029	0.460	0.029	0.460
0.822	0.029	0.460	0.029	0.460
0.823	0.029	0.460	0.029	0.460
0.824	0.028	0.461	0.028	0.461
0.825	0.028	0.461	0.028	0.461
0.826	0.028	0.461	0.028	0.461
0.827	0.027	0.462	0.027	0.462
0.828	0.027	0.462	0.027	0.462
0.829	0.027	0.462	0.027	0.462
0.830	0.027	0.463	0.027	0.463
0.831	0.028	0.463	0.028	0.463
0.832	0.028	0.463	0.028	0.463
0.833	0.028	0.464	0.028	0.464
0.834	0.029	0.465	0.029	0.465
0.835	0.029	0.465	0.029	0.465
0.836	0.029	0.465	0.029	0.465
0.837	0.029	0.465	0.029	0.465
0.838	0.030	0.467	0.030	0.467
0.839	0.031	0.467	0.031	0.467
0.840	0.031	0.468	0.031	0.468
0.841	0.031	0.468	0.031	0.468
0.842	0.029	0.468	0.029	0.468
0.843	0.027	0.468	0.027	0.468
0.844	0.027	0.468	0.027	0.468
0.845	0.027	0.468	0.027	0.468
0.846	0.027	0.468	0.027	0.468
0.847	0.027	0.468	0.027	0.468
0.848	0.027	0.468	0.027	0.468
0.849	0.027	0.468	0.027	0.468
0.850	0.027	0.468	0.027	0.468
0.851	0.027	0.468	0.027	0.468
0.852	0.027	0.468	0.027	0.468
0.853	0.027	0.468	0.027	0.468
0.854	0.027	0.468	0.027	0.468
0.855	0.027	0.468	0.027	0.468
0.856	0.027	0.468	0.027	0.468
0.857	0.027	0.468	0.027	0.468
0.858	0.027	0.468	0.027	0.468
0.859	0.027	0.468	0.027	0.468
0.860	0.027	0.468	0.027	0.468
0.861	0.027	0.468	0.027	0.468
0.862	0.027	0.468	0.027	0.468
0.863	0.027	0.468	0.027	0.468
0.864	0.027	0.468	0.027	0.468
0.865	0.027	0.468	0.027	0.468
0.866	0.027	0.468	0.027	0.468
0.867	0.027	0.468	0.027	0.468
0.868	0.027	0.468	0.027	0.468
0.869	0.027	0.468	0.027	0.468
0.870	0.027	0.468	0.027	0.468
0.871	0.027	0.468	0.027	0.468
0.872	0.027	0.468	0.027	0.468
0.873	0.027	0.468	0.027	0.468
0.874	0.027	0.468	0.027	0.468
0.875	0.027	0.468	0.027	0.468
0.876	0.027	0.468	0.027	0.468
0.877	0.027	0.468	0.027	0.468
0.878	0.027	0.468	0.027	0.468
0.879	0.027	0.468	0.027	0.468
0.880	0.027	0.468	0.027	0.468
0.881	0.027	0.468	0.027	0.468
0.882	0.027	0.468	0.027	0.468
0.883	0.027	0.468	0.027	0.468
0.884	0.027	0.468	0.027	0.468
0.885	0.027	0.468	0.027	0.468
0.886	0.027	0.468	0.027	0.468
0.887	0.027	0.468	0.027	0.468
0.888	0.027	0.468	0.027	0.468
0.889	0.027	0.468	0.027	0.468
0.890	0.027	0.468	0.027	0.468
0.891	0.027	0.468	0.027	0.468
0.892	0.027	0.468	0.027	0.468
0.893	0.027	0.468	0.027	0.468
0.894	0.027	0.468	0.027	0.468
0.895	0.027	0.468	0.027	0.468
0.896	0.027	0.468	0.027	0.468
0.897	0.027	0.468	0.027	0.468
0.898	0.027	0.468	0.027	0.468
0.899	0.027	0.468	0.027	0.468
0.900	0.027	0.468	0.027	0.468
0.901	0.027	0.468	0.027	0.468
0.902	0.027	0.468	0.027	0.468
0.903	0.027	0.468	0.027	0.468
0.904	0.027	0.468	0.027	0.468
0.905	0.027	0.468	0.027	0.468
0.906	0.027	0.468	0.027	0.468
0.907	0.027	0.468	0.027	0.468
0.908	0.027	0.468	0.027	0.468
0.909	0.027	0.468	0.027	0.468
0.910	0.027	0.468	0.027	0.468
0.911	0.027	0.468	0.027	0.468
0.912	0.027	0.468	0.027	0.468
0.913	0.027	0.468	0.027	0.468
0.914	0.027	0.468	0.027	0.468
0.915	0.027	0.468	0.027	0.468
0.916	0.027	0.468	0.027	0.468
0.917	0.027	0.468	0.027	0.468
0.918	0.027	0.468	0.027	0.468
0.919	0.027	0.468	0.027	0.468
0.920	0.027	0.468	0.027	0.468
0.921	0.027	0.468	0.027	0.468
0.922	0.027	0.468	0.027	0.468
0.923	0.027	0.468	0.027	0.468
0.924	0.027	0.468	0.027	0.468
0.925	0.027	0.468	0.027	0.468
0.926	0.027	0.468	0.027	0.468
0.927	0.027	0.468	0.027	0.468
0.928	0.027	0.468	0.027	0.468
0.929	0.027	0.468	0.027	0.468
0.930	0.027	0.468	0.027	0.468
0.931	0.027	0.468	0.027	0.468
0.932	0.027	0.468	0.027	0.468
0.933	0.027	0.468	0.027	0.468
0.934	0.027	0.468	0.027	0.468
0.935	0.027	0.468	0.027	0.468
0.936	0.027	0.468	0.027	0.468
0.937	0.027	0.468	0.027	0.468
0.938	0.027	0.468	0.027	0.468
0.939	0.027	0.468	0.027	0.468
0.940	0.027	0.468	0.027	0.468
0.941	0.027	0.468	0.027	0.468
0.942	0.027	0.468	0.027	0.468
0.943	0.027	0.468	0.027	0.468
0.944	0.027	0.468	0.027	0.468
0.945	0.027	0.468	0.027	0.468
0.946	0.027	0.468	0.027	0.468
0.947	0.027	0.468	0.027	0.468
0.948	0.027	0.468	0.027	0.468
0.949	0.027	0.468	0.027	0.468
0.950	0.027	0.468	0.027	0.468
0.951	0.027	0.468	0.027	0.468
0.952	0.027	0.468	0.027	0.468
0.953	0.027	0.468	0.027	0.468
0.954	0.027	0.468	0.027	0.468
0.955	0.027	0.468	0.027	0.468
0.956	0.027	0.468	0.027	0.468
0.957	0.027	0.468	0.027	0.468
0.958	0.027	0.468	0.027	0.468
0.959	0.027	0.468	0.027	0.468
0.960	0.027	0.468	0.027	0.468
0.961	0.027	0.468	0.027	0.468
0.962	0.027	0.468	0.027	0.468
0.963	0.027	0.468	0.027	0.468
0.964	0.027	0.468	0.027	0.468
0.965	0.027	0.468	0.027	0.468
0.966	0.027	0.468	0.027	0.468
0.967	0.027	0.468	0.027	0.468
0.968	0.027	0.468	0.027	0.468
0.969	0.027	0.468	0.027	0.468
0.970	0.027	0.468	0.027	0.468
0.971	0.027	0.468	0.027	0.468
0.972	0.027	0.468	0.027	0.468
0.973	0.027	0.468	0.027	0.468
0.974	0.027	0.468	0.027	0.468
0.975	0.027	0.468	0.027	0.468
0.976	0.027	0.468	0.027	0.468
0.977	0.027	0.468	0.027	0.468
0.978	0.027	0.468	0.027	0.468
0.979	0.027	0.468	0.027	0.468
0.980	0.027	0.468	0.027	0.468
0.981	0.027	0.468	0.027	0.468
0.982	0.027	0.468	0.027	0.468
0.983	0.027	0.468	0.027	0.468
0.984	0.027	0.468	0.027	0.468
0.985	0.027	0.468	0.027	0.468
0.986	0.027	0.468	0.027	0.468
0.987	0.027	0.468	0.027	0.468
0.988	0.027	0.468	0.027	0.468
0.989	0.027	0.468	0.027	0.468
0.990	0.027	0.468	0.027	0.468
0.991	0.027	0.468	0.027	0.468
0.992	0.027	0.468	0.027	0.468
0.993	0.027	0.468	0.027	0.468
0.994	0.027	0.468	0.027	0.468
0.995	0.027	0.468	0.027	0.468
0.996	0.027	0.468	0.027	0.468
0.997	0.027	0.468	0.027	0.468
0.998	0.027	0.468	0.027	0.468
0.999	0.027	0.468	0.027	0.468
1.000	0.027	0.468	0.027	0.468
